98	100
55	133
148	62
70	135
50	56
92	81
100	140
84	92
126	84
88	69
126	109
63	127
67	76
64	102
86	102
62	142
102	142
65	90
144	104
54	113
86	99
131	99
54	77
102	128
108	149
94	149
138	97
142	92
64	117
123	97
135	75
113	98
149	50
60	63
86	63
79	89
54	112
141	112
128	79
136	110
129	136
69	116
58	116
93	132
114	81
140	85
90	52
117	80
105	135
95	50
72	133
57	133
118	57
94	101
112	148
144	59
135	148
73	102
82	113
93	111
78	143
144	143
139	145
125	115
102	66
140	142
61	145
94	145
102	111
85	136
56	136
71	92
87	128
77	128
124	59
137	147
140	113
112	144
140	52
115	131
149	125
141	119
84	83
91	150
131	73
134	125
96	144
122	144
97	119
100	92
115	108
110	128
103	79
112	73
119	107
58	74
99	105
88	149
71	149
76	63
64	67
56	114
67	114
102	105
59	51
77	87
93	102
67	76
61	137
93	137
62	97
124	116
92	63
72	123
100	109
54	109
77	147
77	147
63	117
79	146
98	146
82	129
80	129
61	137
80	137
92	59
82	84
127	71
103	125
101	125
67	120
56	120
107	63
97	89
136	122
67	112
78	112
76	98
122	71
59	129
73	129
142	125
53	147
143	147
112	90
110	101
150	110
119	86
107	137
51	133
82	133
114	139
72	139
143	135
65	107
87	107
149	81
83	107
89	102
135	67
52	112
141	112
99	132
103	132
125	121
148	54
75	102
90	123
96	110
99	110
77	150
72	118
137	118
94	145
112	145
135	136
138	56
55	61
62	61
71	87
78	121
105	85
51	138
50	138
108	138
114	122
136	128
133	113
56	102
110	83
124	150
64	113
141	113
83	122
53	122
71	131
107	131
125	108
126	83
77	100
76	111
94	111
72	119
53	119
115	101
106	64
51	110
58	121
111	121
131	134
102	133
128	137
137	79
122	82
81	134
115	80
114	73
122	55
69	109
79	56
55	52
74	85
117	84
73	120
68	120
85	103
106	55
123	95
150	109
101	64
130	95
108	109
81	77
92	137
61	62
109	134
79	134
100	146
149	137
131	74
92	107
139	135
76	58
71	122
90	122
104	99
61	81
146	81
103	53
136	149
104	126
139	126
83	84
98	126
76	53
58	146
75	146
143	101
96	58
127	127
133	132
120	67
111	81
107	132
93	132
148	132
62	148
148	148
55	142
118	142
149	75
83	135
61	135
63	134
50	134
135	121
72	61
101	92
150	61
128	88
67	134
54	134
64	115
57	115
126	89
99	108
101	138
90	138
146	126
131	120
71	98
134	77
147	134
95	97
66	141
96	141
52	102
97	110
118	110
139	60
91	145
80	110
134	53
59	136
135	86
142	141
88	94
75	96
125	65
84	144
89	130
76	132
54	132
137	88
120	92
117	71
95	140
140	118
55	130
112	130
55	58
63	54
51	138
87	138
64	102
130	102
127	112
135	147
73	124
137	124
142	134
138	51
129	116
94	134
59	132
149	132
141	142
105	78
138	147
74	71
56	86
54	58
101	107
128	135
75	135
89	105
109	105
129	142
144	128
81	142
119	142
54	149
72	70
121	140
150	140
75	99
54	99
82	129
77	129
76	145
94	146
69	146
122	139
128	59
101	78
77	147
88	147
81	145
142	86
136	89
113	134
108	106
66	147
140	115
125	121
145	129
72	64
99	148
52	122
76	122
107	146
128	146
131	88
111	106
53	75
119	139
81	145
100	145
101	55
121	142
144	143
64	148
90	148
70	73
115	144
76	144
88	101
63	67
57	143
100	143
96	90
51	108
131	124
117	96
70	139
51	139
61	63
105	76
94	114
110	61
77	103
126	97
150	132
131	122
113	83
91	141
115	94
106	86
67	117
73	117
121	88
108	77
81	103
104	65
117	129
62	120
133	73
66	88
148	83
147	59
126	146
136	147
107	123
108	90
53	113
58	113
64	118
70	118
149	138
99	87
97	117
77	120
63	89
83	79
150	148
67	105
133	105
104	143
74	80
121	134
76	56
64	63
124	118
140	56
136	114
119	129
98	129
94	129
142	112
91	77
145	95
94	132
96	140
112	67
150	78
119	88
64	123
74	125
100	138
132	138
61	139
112	139
65	120
51	100
114	100
75	95
100	80
133	143
131	120
61	148
57	148
80	96
59	74
114	150
61	150
130	61
95	86
105	95
87	117
109	126
97	108
95	137
132	137
119	134
120	53
107	101
66	80
112	80
62	123
71	119
107	55
72	122
125	122
52	71
146	71
83	108
94	114
90	65
94	65
132	126
64	126
138	126
136	102
73	120
93	120
92	113
96	113
110	96
109	98
94	50
57	80
76	96
76	96
123	68
124	95
51	139
104	139
56	125
78	69
139	92
84	128
74	128
73	108
101	149
68	149
94	149
148	149
89	94
101	109
146	92
139	89
75	120
50	57
143	56
59	113
59	116
79	116
130	62
68	144
55	128
56	128
80	128
112	75
118	60
72	97
125	59
62	124
79	90
105	124
77	102
97	102
83	126
62	120
104	120
131	140
109	126
130	94
63	118
142	118
51	52
130	110
131	105
128	76
111	54
82	80
114	118
60	80
87	80
72	133
60	103
54	103
75	143
85	143
82	116
127	85
52	137
117	137
53	53
53	92
144	92
135	146
136	146
77	55
88	106
99	84
55	109
143	109
111	81
97	70
87	150
54	150
68	52
88	129
82	77
116	125
138	130
76	57
50	74
115	104
127	142
120	132
124	132
54	143
53	100
120	100
95	123
78	143
111	54
144	86
53	81
139	58
135	142
137	117
59	81
120	133
52	133
77	121
125	89
64	79
81	127
96	127
140	128
83	124
93	124
106	132
104	114
73	114
130	83
60	149
137	149
74	122
118	144
140	125
127	111
70	98
99	135
91	128
65	128
122	70
110	133
61	142
56	142
97	142
55	125
86	52
116	150
64	80
122	80
106	133
132	91
74	147
71	147
107	144
100	63
127	143
137	98
58	149
126	149
63	89
119	59
66	148
65	148
128	67
134	101
107	138
138	71
128	100
103	133
142	51
66	85
56	85
91	106
136	55
50	137
62	63
89	129
127	129
114	150
146	57
56	64
124	88
75	88
76	57
112	128
71	146
141	146
59	125
70	140
100	140
113	61
115	121
50	145
83	145
131	129
99	106
78	149
148	149
104	123
143	85
124	121
74	138
124	138
57	136
86	69
65	75
103	95
117	76
53	106
59	110
78	110
141	75
140	137
99	125
60	125
118	84
119	147
128	103
103	129
98	86
56	100
88	95
64	126
79	126
138	113
146	107
149	105
83	112
132	112
114	145
106	141
73	141
87	140
91	92
62	135
73	135
136	91
118	131
121	124
55	73
104	145
60	145
84	59
73	121
96	121
66	110
141	110
55	133
102	76
53	127
106	127
89	125
105	120
53	120
93	59
61	139
141	101
60	138
100	138
64	122
150	134
90	90
116	76
99	89
107	144
133	117
59	128
118	128
76	66
89	95
113	109
94	122
88	80
107	121
135	117
150	122
145	141
68	89
71	72
65	149
62	149
115	91
59	131
67	93
134	93
144	124
58	144
96	72
84	102
83	100
69	100
142	89
51	141
96	53
110	110
58	94
96	94
149	82
86	129
70	129
75	84
70	145
63	145
99	145
60	109
54	110
94	110
133	150
142	68
88	98
101	120
108	110
92	120
68	125
71	125
141	115
130	112
131	111
117	84
122	142
80	115
150	97
117	130
52	66
62	66
149	129
100	53
81	130
141	108
83	133
67	133
126	140
142	126
78	72
54	70
88	126
52	60
58	141
106	141
123	93
148	137
105	95
138	96
83	83
84	60
147	107
140	107
76	139
123	139
86	142
79	80
75	120
80	142
89	142
109	97
106	66
116	88
142	141
81	111
122	64
144	137
99	119
147	103
126	134
81	94
81	78
61	59
71	83
52	119
57	119
79	70
147	100
139	118
74	118
52	118
133	143
139	140
83	128
78	128
117	140
104	96
88	67
116	122
71	109
122	92
98	142
141	131
103	99
103	137
114	137
77	150
74	78
63	93
55	63
65	63
84	138
123	142
75	142
133	149
63	129
118	129
125	55
64	120
87	88
146	95
123	99
137	95
75	136
89	136
127	66
71	121
122	85
90	65
144	136
76	63
93	59
110	127
102	51
120	124
103	149
57	136
80	136
84	68
84	112
76	58
52	69
108	102
58	117
86	117
68	89
52	129
57	129
117	117
53	77
148	132
63	90
125	118
79	55
113	88
109	110
113	86
112	114
146	51
130	100
73	142
144	52
91	124
106	117
116	117
69	74
145	66
93	137
140	141
56	87
102	84
79	66
145	60
134	59
51	77
72	85
145	85
142	110
68	108
114	121
108	86
65	145
149	145
52	71
56	63
139	63
134	150
87	80
107	98
85	147
73	147
83	132
137	132
78	126
74	115
139	79
132	57
79	135
102	135
127	57
82	54
119	140
135	119
72	105
103	116
108	73
85	87
139	80
144	134
57	86
149	82
117	97
67	105
133	91
60	118
107	118
112	138
---------------
160	180
191	180
93	127
155	173
105	173
182	99
194	88
155	111
158	187
83	200
81	200
146	200
84	173
89	117
123	121
83	154
137	154
157	176
144	137
95	82
126	112
196	174
168	135
111	99
85	150
157	153
139	198
146	198
108	142
180	185
91	185
92	139
185	133
113	111
84	165
189	183
174	176
172	153
172	93
105	133
151	111
185	164
115	192
190	101
100	182
147	182
129	136
160	136
142	176
80	190
114	190
175	123
95	138
83	115
95	115
136	197
173	174
135	85
173	96
140	192
145	160
141	156
125	156
186	127
127	167
120	133
87	150
200	150
143	142
134	163
184	124
137	184
124	96
100	194
186	194
82	108
119	138
85	194
117	194
113	192
140	192
137	127
169	112
173	146
142	178
199	178
188	171
123	84
134	143
114	164
120	109
130	129
125	130
102	168
105	168
97	102
122	169
116	109
145	105
92	129
107	142
100	142
161	170
146	152
113	106
140	187
150	161
142	168
130	142
188	142
170	192
192	96
138	171
110	151
162	103
133	199
154	199
182	123
181	186
150	190
172	159
162	115
81	157
126	157
170	135
132	182
80	178
88	178
172	135
145	170
107	83
80	167
83	197
108	197
105	197
143	108
162	172
176	168
158	160
122	155
166	155
86	166
198	166
200	95
92	174
139	129
151	106
139	96
115	159
182	180
107	132
158	171
122	171
84	185
114	196
85	196
197	127
115	193
151	163
196	198
159	139
97	98
84	101
86	130
166	130
100	106
84	106
169	108
94	87
188	142
171	147
197	89
164	106
166	126
102	152
181	116
166	147
148	190
96	179
82	179
81	92
115	143
88	143
150	152
141	132
81	178
197	178
189	177
108	97
173	152
193	139
146	152
89	182
182	142
110	170
93	170
145	141
165	121
86	181
122	181
171	125
89	96
140	182
181	162
149	93
178	154
171	136
126	147
193	195
141	151
99	164
183	164
130	95
161	117
186	182
191	185
150	128
182	150
165	156
200	197
119	101
100	198
150	198
161	142
167	137
148	186
104	103
102	189
88	189
105	163
168	163
157	122
186	164
158	144
107	193
149	156
164	181
188	181
190	169
82	156
124	156
186	152
89	139
180	200
123	144
104	159
161	159
94	146
84	100
93	123
87	95
183	141
84	125
162	174
150	189
161	189
197	171
118	110
189	152
187	156
111	192
181	177
107	129
109	92
132	167
179	155
166	124
99	111
117	134
124	124
148	189
86	99
94	87
136	109
148	110
196	121
89	86
138	119
195	119
116	121
174	186
169	105
190	137
152	193
116	142
138	142
142	142
96	190
148	186
87	114
87	114
93	156
105	83
193	164
97	135
184	153
97	130
151	88
82	188
176	188
193	171
192	161
164	106
156	166
175	149
126	199
128	108
170	133
147	145
101	177
104	177
115	144
152	80
128	188
164	109
153	144
128	187
111	167
169	89
137	181
115	140
81	98
128	193
134	193
147	124
141	197
87	197
112	155
95	125
192	125
197	114
186	98
93	122
174	122
99	124
96	124
95	88
107	162
98	195
110	195
160	100
100	113
124	113
133	131
191	124
87	173
92	115
81	115
92	179
142	179
130	148
152	197
113	198
109	198
180	106
107	128
145	103
198	106
98	151
199	151
116	199
140	199
85	200
136	199
137	199
156	160
118	103
85	137
149	196
147	82
163	85
195	114
97	148
124	128
87	128
86	99
87	157
94	125
105	125
141	189
89	168
126	168
131	190
155	85
159	200
114	167
120	113
177	167
157	99
167	92
178	168
148	200
108	200
191	120
104	181
125	189
118	146
178	146
103	185
174	185
153	80
108	159
126	157
88	188
163	188
146	176
167	104
87	147
170	147
84	170
133	196
162	196
100	166
158	141
138	100
158	160
186	94
98	105
121	80
85	184
105	184
151	116
111	141
185	141
163	175
111	132
145	161
145	107
134	171
162	140
166	138
197	143
100	136
197	147
116	193
187	193
136	173
92	120
177	185
174	124
182	105
189	156
198	155
109	107
172	193
118	163
123	157
147	157
90	151
179	139
157	129
133	200
185	151
83	154
84	108
84	130
183	130
142	118
139	112
159	87
89	165
187	165
149	94
152	181
197	124
118	155
161	107
115	158
164	165
179	195
115	131
167	131
91	129
114	129
146	129
95	116
156	194
106	108
164	199
81	139
152	139
167	144
126	150
108	136
193	136
130	168
155	198
145	198
146	179
200	191
117	166
104	98
192	129
111	188
186	199
144	116
193	194
146	123
171	98
84	146
145	146
103	186
131	146
197	84
117	194
185	158
184	158
180	95
97	144
167	113
89	150
118	150
182	143
163	127
85	136
138	94
157	129
183	149
105	196
148	110
189	178
138	137
131	134
84	185
95	185
164	94
188	183
156	119
198	110
119	158
143	126
156	178
93	102
106	186
142	186
127	117
176	137
103	151
172	148
84	155
164	160
103	101
186	146
127	96
165	178
198	172
117	157
145	193
87	108
140	195
121	195
96	128
187	169
182	100
183	118
132	171
84	187
134	187
173	120
137	171
178	124
98	166
113	122
164	126
182	142
104	153
133	153
150	148
104	127
123	166
172	82
139	118
176	174
173	111
97	179
143	194
160	116
138	131
131	200
100	200
194	151
89	94
112	123
155	196
152	196
110	155
184	157
82	194
123	194
183	122
98	139
141	139
88	139
124	93
200	197
164	145
144	174
161	122
87	141
101	140
192	140
86	184
150	156
114	140
152	152
84	145
86	145
196	103
176	168
94	99
161	120
139	165
114	167
90	92
176	144
95	116
171	100
138	190
179	116
103	151
98	144
132	130
109	180
117	180
86	184
96	184
197	187
104	171
178	91
92	137
138	168
86	134
156	134
188	152
186	194
162	129
102	126
184	183
93	155
109	128
192	128
81	125
187	171
94	90
120	197
159	197
87	145
87	145
104	126
84	91
174	175
167	164
179	156
184	137
113	192
184	192
181	138
80	196
181	200
128	149
84	166
187	166
148	187
191	182
197	142
100	197
122	197
183	198
180	150
90	81
177	162
152	101
150	127
173	154
164	116
102	108
85	90
181	133
181	128
198	176
191	170
93	157
181	157
188	166
160	80
164	180
137	188
195	197
85	106
198	122
159	200
132	87
159	183
108	190
182	144
160	178
83	86
80	97
197	93
170	150
170	119
199	174
109	154
102	176
166	176
186	194
194	174
188	168
175	107
141	170
179	109
157	197
115	151
152	141
189	185
140	193
---------------
197	140
190	173
167	133
211	162
191	214
179	208
190	182
181	206
123	182
214	182
223	219
243	226
190	165
123	197
153	248
238	248
123	182
194	128
128	220
152	161
235	160
216	171
154	136
174	165
172	148
151	202
233	189
131	174
223	227
187	119
137	198
209	132
200	184
120	177
179	124
189	232
144	152
149	135
144	122
176	238
206	238
124	238
213	160
211	189
249	179
144	130
224	219
228	241
181	118
184	229
194	172
227	168
199	155
159	247
114	247
234	214
125	242
210	242
229	177
200	141
246	149
135	130
111	216
248	216
232	220
168	169
234	155
213	173
237	247
217	148
197	123
141	178
228	244
229	236
248	123
147	246
132	120
174	110
173	142
213	157
221	187
183	246
160	208
164	123
151	250
240	250
245	217
168	162
189	177
179	137
175	199
212	181
228	248
222	194
198	154
203	158
138	142
200	222
165	121
172	214
214	183
209	171
231	140
128	214
207	227
176	227
217	243
142	202
111	122
231	179
172	165
113	166
208	198
239	132
195	202
242	212
206	202
209	230
129	214
118	214
210	181
195	156
212	220
181	155
130	218
234	160
211	168
135	200
116	200
141	116
112	130
170	147
209	213
228	182
183	128
203	146
129	223
168	142
239	233
147	136
177	188
115	195
112	199
200	199
202	159
215	216
214	196
154	187
192	226
216	183
244	234
143	168
145	140
180	134
121	202
161	156
184	182
168	227
127	227
208	186
170	185
125	206
153	115
160	218
182	218
146	233
148	233
214	215
220	234
243	240
110	189
177	120
180	248
160	179
111	179
206	212
193	118
199	197
153	218
243	129
119	206
209	148
196	129
244	150
112	121
245	211
118	142
196	235
235	243
221	135
181	142
147	232
139	112
119	238
217	238
162	163
209	146
205	198
218	127
146	176
145	110
112	207
119	211
148	211
232	136
226	179
143	162
185	217
216	191
175	120
124	159
181	142
155	229
211	112
168	202
169	194
222	190
222	209
199	144
217	184
159	236
185	236
164	215
123	215
120	110
118	205
172	218
239	218
225	247
130	198
118	178
217	209
146	223
120	127
174	127
194	209
222	241
195	203
115	210
115	210
122	243
241	243
215	233
117	234
125	152
161	152
125	182
180	207
114	212
177	212
113	184
149	116
132	170
160	150
130	224
189	195
171	195
157	243
142	243
152	192
113	139
220	233
216	205
195	192
201	111
152	173
137	157
244	119
128	237
235	160
235	248
116	189
218	214
122	159
205	152
141	133
222	206
193	157
157	227
190	125
186	128
171	232
237	217
225	157
248	217
244	244
191	235
191	164
110	226
164	226
157	248
122	218
183	218
221	132
138	237
174	131
205	158
142	172
174	150
165	226
243	226
156	202
110	202
118	165
166	141
218	239
114	192
210	192
118	180
124	180
238	110
130	131
125	238
180	238
213	205
116	185
207	207
216	142
233	217
164	206
190	195
249	170
126	132
178	168
117	215
216	243
193	243
124	221
141	174
116	117
151	205
135	205
183	169
227	244
180	119
177	125
196	221
188	249
183	150
141	137
167	228
209	175
180	132
135	131
228	226
124	198
247	134
202	211
244	246
149	218
144	163
178	245
149	170
145	170
119	154
195	168
195	139
190	119
156	173
218	120
182	234
145	234
175	150
158	133
158	125
143	158
218	189
195	167
170	234
190	206
209	174
181	196
189	202
237	130
138	209
119	197
187	172
191	187
137	165
175	163
126	130
135	113
161	166
222	236
206	128
142	207
179	167
228	179
247	219
139	203
202	117
141	185
133	174
138	249
128	249
133	157
190	161
241	142
166	230
150	230
111	232
189	233
131	233
115	238
179	238
210	118
170	237
165	114
151	226
245	201
216	149
145	213
207	124
233	197
250	242
153	171
230	177
166	147
209	154
146	115
111	113
155	140
234	148
212	133
232	185
142	207
184	242
173	207
245	207
149	203
238	189
150	232
237	232
212	168
130	238
148	117
186	202
162	133
234	150
217	239
198	188
210	125
199	183
226	192
168	196
124	182
117	182
239	216
216	202
191	138
250	210
234	243
222	172
119	204
147	204
161	148
152	166
150	167
215	152
187	241
246	149
169	162
185	163
148	116
157	249
200	249
198	177
235	199
230	129
179	160
160	149
168	144
175	220
240	228
237	235
145	188
207	191
174	238
202	238
148	178
179	149
248	229
189	235
186	219
224	196
136	138
216	177
178	143
191	217
143	214
111	214
180	118
176	214
215	231
218	205
126	175
188	241
204	241
133	209
171	232
161	179
231	124
189	176
146	183
192	132
167	183
135	183
182	149
157	180
111	187
146	187
141	138
122	232
216	232
125	237
212	221
113	233
191	233
173	232
230	136
243	191
127	246
165	193
247	245
187	193
111	185
170	197
170	197
171	177
143	132
179	161
132	183
176	183
202	195
137	189
155	189
200	234
117	234
156	234
196	114
121	128
170	248
140	135
186	124
116	218
155	218
160	189
145	189
199	160
167	223
152	223
193	154
124	222
210	222
114	176
204	176
176	120
241	176
230	180
---------------
282	150
184	241
253	241
175	290
178	186
196	233
217	238
279	260
298	277
214	230
244	159
288	171
215	160
244	150
218	160
269	222
167	260
264	220
171	255
271	255
156	260
199	260
189	277
169	180
229	163
180	300
179	253
155	253
147	263
148	148
177	280
238	280
235	168
227	266
218	300
224	300
271	192
213	244
220	216
187	172
152	152
168	180
162	249
219	249
231	278
228	198
228	258
241	238
287	165
189	288
240	255
142	229
196	201
283	178
222	294
191	294
241	235
239	242
148	172
205	146
143	237
164	273
200	273
144	206
202	186
250	161
290	292
206	213
222	264
173	255
299	255
263	143
288	172
259	156
274	245
142	297
173	297
235	149
282	243
195	194
147	276
164	196
292	177
220	223
202	166
247	233
148	161
225	161
257	241
239	293
257	293
248	250
177	238
176	287
266	287
290	257
291	140
150	263
239	243
243	207
166	191
212	197
168	283
245	283
276	250
300	201
199	264
155	210
248	195
269	184
299	201
278	299
272	299
177	263
253	263
252	260
154	163
264	242
169	219
201	279
154	279
151	274
270	274
171	258
260	185
163	260
184	260
185	148
266	225
261	180
228	280
263	183
272	217
160	217
207	234
167	204
254	170
162	252
229	239
298	224
166	179
300	298
256	196
268	247
140	202
209	220
171	181
283	281
181	230
166	200
166	266
205	266
141	246
231	169
173	192
210	263
184	183
209	217
205	164
148	283
262	283
174	293
157	144
279	195
224	257
144	211
198	201
236	230
292	271
267	231
265	180
142	240
244	240
244	257
157	254
185	290
266	290
238	275
150	151
193	198
191	198
249	207
297	150
299	152
176	216
140	293
206	293
218	234
141	211
183	213
290	267
271	182
192	230
242	252
187	199
208	199
140	253
285	290
176	180
235	159
284	249
222	212
260	240
245	182
148	266
160	266
197	237
227	237
155	286
298	286
173	265
169	265
221	271
264	263
145	171
168	170
267	287
269	287
201	295
160	295
152	262
263	262
156	268
201	268
291	287
151	217
226	217
153	220
151	297
163	297
268	296
194	212
255	196
246	223
154	295
237	295
201	280
288	270
238	202
294	228
245	220
281	195
216	209
259	158
193	151
264	249
214	218
275	244
235	213
175	204
168	279
142	279
189	153
290	214
295	230
195	162
262	269
274	238
187	282
174	283
250	283
190	281
164	288
154	288
228	210
221	156
158	231
243	180
252	269
245	149
263	189
284	220
166	229
150	273
177	273
298	276
148	205
284	234
241	183
170	186
257	143
209	214
189	281
255	281
264	254
256	239
167	297
177	231
140	276
287	276
169	222
186	225
278	159
284	249
290	299
233	161
236	163
268	236
225	266
202	209
142	179
147	179
194	217
140	206
279	182
240	180
245	239
251	278
289	236
186	187
296	272
239	213
220	200
236	216
232	170
225	256
182	201
291	201
151	184
192	296
258	296
155	159
148	177
221	177
211	269
150	287
144	189
147	189
294	144
172	232
247	232
161	221
155	221
181	213
160	192
158	198
282	295
268	202
165	254
216	254
176	197
206	197
214	291
164	149
274	269
193	216
192	148
227	218
169	283
165	283
266	197
283	226
233	286
182	286
155	287
276	287
205	185
263	215
203	237
291	180
237	252
167	247
231	181
260	182
143	299
189	214
210	214
240	224
158	295
182	168
214	207
178	188
165	198
146	296
251	296
279	170
261	288
285	239
198	211
252	215
297	241
268	236
280	256
145	218
220	223
265	300
253	140
164	153
270	230
213	271
206	166
166	270
195	143
272	284
143	252
295	252
297	175
155	234
191	196
162	225
178	176
296	149
174	146
179	252
260	204
295	224
179	206
273	259
249	221
191	142
293	216
215	235
238	203
152	213
198	179
215	197
251	244
239	153
142	231
175	231
149	220
300	166
232	186
248	261
202	238
143	180
281	159
201	158
203	252
241	268
159	173
191	281
214	281
219	239
151	149
291	152
166	286
237	168
278	186
145	297
278	154
145	176
219	221
267	187
144	299
154	215
208	215
257	176
199	274
268	187
278	156
224	293
154	293
141	189
286	151
231	266
184	266
205	199
212	188
251	245
192	165
238	282
265	270
172	175
172	255
213	255
247	285
298	150
159	279
239	273
145	203
274	186
208	152
248	205
193	251
216	219
214	290
252	290
175	222
270	224
220	267
255	174
187	299
140	243
178	147
263	151
237	197
140	249
210	169
222	167
210	201
268	293
179	166
148	176
176	213
269	213
215	276
266	276
176	252
173	252
---------------
249	203
333	187
192	308
252	289
278	176
321	286
282	324
255	210
318	242
271	201
316	247
307	222
171	337
284	337
198	311
237	246
188	264
271	317
337	187
273	202
279	289
215	217
269	328
238	328
306	337
305	337
187	327
305	296
180	324
210	263
279	263
183	265
304	265
319	289
326	215
284	203
291	303
299	314
250	271
304	322
249	186
232	268
291	268
328	298
309	261
287	305
263	240
258	252
194	316
253	336
268	336
253	342
259	244
233	205
244	281
227	258
237	332
182	296
237	296
300	244
290	291
215	299
239	299
179	331
309	333
318	268
181	349
245	349
258	204
236	346
172	302
278	302
230	189
320	252
203	309
243	218
319	247
269	219
317	279
289	264
191	349
188	349
250	230
241	188
195	299
188	223
263	177
251	261
349	212
319	268
337	314
301	348
229	236
244	242
308	318
318	196
217	305
222	219
270	295
206	205
273	248
285	193
275	219
249	190
331	287
225	333
343	175
323	201
179	319
320	319
216	285
214	285
261	325
251	215
280	196
346	272
213	283
290	283
248	326
303	281
221	344
319	248
178	242
333	209
347	305
250	280
216	216
308	239
270	244
293	260
272	281
244	193
312	195
239	236
225	310
271	310
311	303
274	336
327	219
213	221
279	346
286	346
262	324
345	178
280	226
221	277
241	325
226	325
334	272
309	301
215	211
219	322
295	322
292	319
173	323
176	323
290	197
347	239
248	315
310	199
338	283
221	275
238	219
336	261
334	296
227	301
294	289
291	324
275	324
277	268
336	211
232	285
294	209
331	288
348	223
228	321
216	173
214	297
173	184
247	226
283	257
192	225
215	242
179	328
276	328
260	273
263	272
265	339
287	224
184	187
170	280
334	184
284	212
266	300
198	313
182	216
203	277
230	273
260	273
304	212
287	333
345	222
231	341
189	201
229	274
283	216
184	325
202	325
196	332
215	181
178	214
185	320
174	320
223	197
296	316
316	303
198	255
239	186
195	344
324	344
219	177
306	180
249	215
296	244
275	306
247	255
335	262
221	248
341	280
281	247
304	311
323	333
339	270
219	255
227	248
317	176
291	345
226	256
345	266
243	349
239	345
322	345
346	290
324	297
223	319
341	233
218	347
288	347
341	194
326	226
214	280
270	280
188	233
335	259
273	267
286	345
262	307
290	248
284	232
339	262
327	245
189	229
182	305
316	211
328	208
302	277
171	306
315	306
190	341
180	316
282	316
183	328
178	328
264	217
199	215
241	310
191	345
243	345
268	343
253	262
288	334
312	337
174	239
341	239
314	328
287	348
290	344
187	177
279	335
246	335
319	316
345	194
317	294
258	237
238	249
224	344
233	334
226	334
257	178
202	345
259	345
247	244
218	314
252	215
190	314
263	198
190	325
181	325
260	222
203	250
180	349
348	349
331	350
323	324
311	215
251	302
265	302
272	339
337	341
210	302
180	311
220	311
195	230
201	267
273	310
259	266
290	322
292	322
341	217
190	175
265	173
296	295
250	298
342	298
218	250
223	261
182	272
299	272
211	341
225	193
191	307
218	274
271	296
209	296
277	343
293	316
279	313
269	238
207	327
199	327
204	324
199	324
343	331
330	282
182	340
287	340
274	323
341	214
339	322
197	245
335	264
330	309
338	329
181	226
212	226
234	186
269	296
287	187
279	208
299	285
273	207
340	303
336	317
262	277
234	204
322	273
186	295
294	327
317	326
275	209
214	291
195	295
205	295
209	298
298	343
182	285
337	285
291	247
239	277
233	256
329	232
176	176
189	318
228	319
212	319
290	216
245	270
243	183
248	288
314	175
209	261
172	310
232	310
344	237
178	324
202	324
312	350
273	246
294	229
190	240
319	335
182	304
238	174
239	332
303	192
282	258
188	329
306	348
301	348
242	336
332	336
208	267
224	267
316	212
349	307
175	199
331	319
279	174
266	237
318	255
288	190
218	346
214	347
346	347
311	343
244	235
230	234
298	348
187	338
293	338
259	242
222	348
211	185
256	173
349	242
205	270
257	270
283	176
265	302
250	300
200	195
215	181
212	196
249	191
244	315
231	171
265	274
289	343
333	242
223	282
236	199
177	195
296	315
237	271
187	184
256	289
219	306
297	306
250	331
177	265
308	320
246	324
213	277
306	277
232	274
174	350
326	350
251	305
175	336
315	336
253	253
315	201
284	283
217	321
315	291
273	198
171	240
223	171
264	184
193	234
271	208
186	187
263	349
337	349
173	234
239	234
296	281
180	233
196	233
283	316
264	308
---------------
303	293
243	246
276	299
399	304
248	398
213	382
287	382
222	223
314	246
389	337
293	296
203	373
281	373
214	211
392	325
328	337
273	281
382	322
349	252
278	308
231	343
333	278
263	305
393	243
370	214
231	393
310	238
292	372
281	253
285	337
266	400
258	338
318	338
291	367
365	290
256	304
312	251
390	328
228	367
361	367
303	389
225	328
345	328
331	274
209	380
354	380
297	272
392	237
351	255
353	351
253	322
239	360
243	233
319	339
210	340
371	340
313	229
387	265
222	352
301	352
289	353
380	353
325	250
244	201
222	214
309	291
340	312
360	394
258	261
292	307
335	291
345	347
293	328
381	328
300	324
331	370
301	370
242	344
354	241
282	341
262	265
290	378
381	390
315	364
314	276
383	387
280	279
384	364
292	312
325	395
253	301
313	341
252	341
346	399
311	347
270	254
372	310
221	277
205	301
234	294
383	392
351	301
297	379
234	379
299	308
377	280
241	366
334	366
384	343
218	386
229	398
297	398
316	265
359	294
208	343
363	343
219	367
287	367
235	400
279	398
395	398
293	355
320	399
296	287
213	327
337	379
281	248
247	338
384	338
326	277
372	300
368	390
226	259
365	247
314	286
265	257
375	322
216	385
241	385
330	233
336	340
385	310
366	332
257	336
400	340
323	313
380	252
345	350
352	304
338	229
365	263
347	353
347	375
235	218
378	285
337	313
260	354
334	349
332	291
392	314
200	244
316	259
216	251
204	287
375	373
392	204
388	387
255	265
235	338
323	338
255	372
359	372
271	354
270	238
384	309
279	398
323	378
350	297
294	395
244	398
244	398
301	358
297	373
262	235
369	384
360	378
248	270
279	268
283	298
291	210
275	234
383	327
272	364
299	370
330	279
315	214
214	289
205	344
223	344
298	225
304	350
212	356
234	356
243	253
334	270
378	310
338	268
356	389
311	389
289	339
245	395
374	302
215	306
323	306
237	254
372	262
270	369
388	230
240	221
327	217
221	276
271	266
276	253
390	308
243	347
271	229
353	389
216	289
393	289
313	347
360	379
210	232
370	244
372	279
379	359
336	282
355	311
200	376
296	376
394	273
328	347
229	283
384	283
220	280
393	243
397	268
312	341
292	341
220	314
272	314
396	258
286	395
212	306
368	387
226	207
215	260
398	383
347	248
208	301
220	349
327	349
253	233
396	371
204	371
303	371
326	376
315	368
347	368
348	355
258	302
297	259
204	398
392	398
289	255
244	336
298	399
288	210
258	288
248	297
339	266
209	330
244	209
249	311
203	255
296	255
337	335
244	332
386	253
328	314
388	268
353	326
230	290
228	307
237	316
209	316
390	326
362	304
270	260
253	268
389	333
350	344
339	202
330	285
273	272
213	386
296	386
400	249
344	225
326	261
357	387
260	337
220	376
251	376
234	259
220	310
239	326
301	326
357	326
317	254
327	275
243	282
380	268
255	394
243	394
301	265
369	395
244	288
355	288
280	325
209	275
357	275
391	266
394	356
358	319
318	241
371	387
393	386
304	250
381	294
242	245
333	384
272	339
400	230
227	323
338	305
379	277
262	364
363	375
317	295
219	298
376	322
335	343
370	313
341	288
223	264
252	264
395	383
361	227
283	262
211	328
348	359
267	346
278	346
248	380
331	299
220	280
222	211
256	272
276	241
228	247
234	335
332	399
344	399
224	327
346	344
274	308
235	323
326	235
252	370
213	290
312	290
301	291
295	259
252	224
367	354
298	359
387	353
308	281
385	220
385	323
360	210
333	384
240	288
252	279
304	217
213	238
321	360
209	300
316	396
355	367
246	367
272	273
309	281
294	338
343	340
303	266
395	281
297	271
400	211
292	364
216	211
255	306
397	301
265	366
305	238
355	381
278	293
230	291
367	341
224	400
300	400
367	358
341	336
381	270
320	285
359	221
209	309
387	294
378	400
201	323
261	274
272	335
349	335
215	367
382	367
202	309
312	212
315	338
216	319
367	319
204	257
366	229
235	217
264	232
220	375
235	366
328	366
233	400
244	400
276	247
244	296
366	348
306	308
290	291
254	222
278	283
330	213
303	380
252	290
369	350
360	366
278	332
241	347
378	347
223	379
224	379
260	240
364	252
241	394
324	394
229	381
237	381
335	308
296	237
373	210
269	397
382	397
231	260
315	370
226	370
370	329
218	326
374	369
214	243
342	227
200	350
313	384
372	384
285	395
253	206
271	365
366	365
230	333
344	201
389	399
342	320
329	238
237	375
310	312
208	376
397	376
